7.87895441055298
8.00349998474121
2.43513536453247
4.07158327102661
4.07158327102661
4.07158327102661
7.14658355712891
4.07158327102661
4.07158327102661
8.04137229919434
8.04137229919434
8.04137229919434
8.00349998474121
8.00349998474121
3.83727431297302
3.83727431297302
3.83727431297302
3.83727431297302
3.83727431297302
6.90752077102661
2.54045820236206
6.90752077102661
2.54045820236206
11.6107292175293
5.46431255340576
6.92152070999146
7.47563600540161
3.85421538352966
7.42524528503418
7.76829147338867
2.54045820236206
2.82402944564819
2.82402944564819
2.82402944564819
5.56955194473267
6.90752077102661
7.42397928237915
7.68420219421387
2.01715612411499
1.88878118991852
7.47563600540161
7.34890651702881
16.1010570526123
15.0512714385986
13.4592733383179
15.0512714385986
15.020396232605
13.7191457748413
16.3672142028809
15.020396232605
15.2948751449585
14.4314489364624
13.8072748184204
9.41739559173584
8.88383293151855
8.88383293151855
8.88383293151855
8.88383293151855
8.88383293151855
8.88383293151855
8.88383293151855
8.88383293151855
8.88383293151855
8.88383293151855
8.88383293151855
8.88383293151855
8.88383293151855
14.0720415115356
16.1010570526123
15.020396232605
15.020396232605
15.4597864151001
13.3977394104004
9.41739559173584
8.88383293151855
8.88383293151855
9.28596878051758
15.8945627212524
15.8945627212524
13.1902189254761
