sample	pop	lat	lon
1061    SWE-S   55.4300 14.0799
5836    SWE-S   55.5135 13.3035
5856    SWE-N   63.0100 17.2929
5860    SWE-N   62.5240 18.1035 
6009    SWE-N   62.5237 18.1037 
6030    SWE-N   62.5233 18.1040
6034    SWE-S   56.0559 13.4424
6043    SWE-N   62.5337 18.1000
6070    SWE-N   62.5240 18.1237 
6100    SWE-S   55.3600 13.1199
6104    SWE-S   55.4200 13.1199
6114    SWE-S   55.4834 13.0803
6122    SWE-S   55.5011 13.1826
6150    SWE-S   55.5533 13.3154
6153    SWE-N   62.3833 17.4431
6154    SWE-N   62.3831 17.4426
6220    SWE-N   62.3838 17.4420 
6231    SWE-N   62.3739 17.4140
6238    SWE-N   62.3789 17.4243
6243    SWE-S   56.0346 13.5822
6244    SWE-N   63.1920 18.2743
6413    SWE-S   56.0336 13.5812
6900    SWE-N   63.1926 18.2902
7025    IT-N    44.3014 11.2022
7333    IT-N    46.3237 11.3341
7354    SWE-S   56.3000 14.5400
8222    SWE-S   56.0355 14.4828
8227    SWE-N   62.4756 17.5437
8231    SWE-S   56.1759 16.0000
8258    SWE-S   56.2558 12.5558
8376    SWE-N   63.2357 18.1933
9321    SWE-N   63.1056 18.1900
9363    SWE-N   63.0102 18.1854
9371    SWE-N   63.0057 18.1902
9395    SWE-S   57.3032 15.0037
9408    SWE-S   56.0249 13.5706
9409    SWE-S   56.0326 14.1807
9421    SWE-S   55.5828 14.2358
9427    SWE-N   63.5305 18.2300 
9433    SWE-N   63.5844 18.1616 
9436    SWE-S   56.0947 14.4050
9471    SWE-S   56.0635 14.0057
9646    IT-S    39.0736 16.1012
9647    IT-S    40.2211 16.4611
9648    IT-S    39.2847 16.1648
9651    IT-S    40.2200 16.4527
9653    IT-S    38.2623 16.0747
9655    IT-S    38.5512 16.2811
9656    IT-S    40.3824 17.1835
9657    IT-S    38.2700 16.0223
9659    IT-S    41.1047 14.1047
9660    IT-S    40.5024 14.3412
9661	IT-S    39.3447 16.1236
9664    IT-N    46.2157 11.1659
9665    IT-N    46.2442 11.1944
9667    IT-N    46.2443 11.1945
9669    IT-N    46.2447 11.1948
9670    IT-N    46.2447 11.1949
9671    IT-N    46.2448 11.1949
9672    IT-N    46.2449 11.1950
9676    IT-N    46.2218 11.1711
9677    IT-N    46.2508 11.2002
9679    IT-N    46.2016 11.1734
9685    IT-N    46.2311 11.2029
9687    IT-N    46.2312 11.2031
9693    IT-N    46.2316 11.2034
9695    IT-N    46.2317 11.2036
9962	IT-S    40.3412 15.1921
9963	IT-S    39.1047 16.1536
9964	IT-S    38.2135 16.1348
9965	IT-S    38.2248 16.1311
9966	IT-S    40.1648 15.3900
9969	IT-S    40.1047 16.2659
9970    IT-N    46.2217 11.1415
9971    IT-N    46.3046 11.1951
9974    IT-N    46.2448 11.1949
9975    IT-N    46.3378 11.2928
9980	IT-S    38.3711 16.1012
9981	IT-S    38.4535 16.1423
9982	IT-S    39.0035 16.2811








